359, 251,-378,372, 263,-357,379, 262,-356,385, 260,-357,352, 265,-352,346, 264,-351,340, 264,-352,397, 247,-198,336, 253,-167,375, 231,-318,347, 234,-309,466, 147,-118,279, 156,-86,513, 20,-109,216, 53,-124,495, -82,-241,221, -41,-391,496, -116,-278,216, -75,-443,477, -114,-294,235, -72,-471,475, -99,-252,236, -60,-411,428, -108,-39,303, -102,41,419, -310,37,296, -304,122,412, -491,355,293, -487,376,414, -518,374,290, -514,394,388, -549,117,309, -549,110,
360, 251,-310,373, 264,-292,379, 262,-292,385, 261,-292,352, 265,-282,346, 265,-282,340, 264,-282,398, 248,-169,336, 253,-114,375, 231,-266,347, 234,-250,466, 146,-119,278, 155,-64,513, 17,-105,216, 51,-94,523, -111,-194,221, -62,-322,537, -151,-225,216, -96,-364,515, -155,-250,234, -95,-392,507, -139,-208,237, -83,-341,428, -109,-41,303, -103,42,418, -317,6,296, -310,119,410, -504,317,292, -498,362,413, -532,334,288, -524,379,385, -562,85,308, -563,101,
360, 251,-300,373, 264,-285,379, 263,-285,386, 261,-286,353, 265,-276,346, 265,-276,340, 265,-276,398, 248,-170,336, 254,-118,376, 231,-257,347, 234,-242,466, 146,-118,278, 155,-68,513, 17,-82,216, 50,-79,524, -109,-158,221, -64,-256,536, -148,-185,216, -98,-292,516, -150,-211,235, -96,-321,508, -134,-172,237, -85,-273,428, -110,-37,303, -104,38,418, -319,13,296, -313,94,409, -508,323,291, -502,316,413, -536,340,288, -529,331,385, -566,91,308, -567,61,
360, 252,-321,373, 265,-304,379, 264,-304,386, 262,-304,352, 266,-296,346, 266,-295,340, 265,-296,398, 249,-174,336, 254,-127,376, 232,-272,347, 234,-259,466, 146,-115,277, 155,-70,513, 17,-73,217, 50,-67,521, -106,-169,221, -61,-259,530, -145,-199,216, -95,-300,510, -146,-223,235, -94,-331,504, -131,-182,237, -82,-278,428, -109,-36,303, -102,38,418, -319,16,296, -312,93,407, -506,328,288, -501,319,410, -534,346,284, -528,334,381, -565,94,304, -565,54,
360, 252,-359,373, 265,-333,380, 264,-333,386, 262,-334,352, 266,-328,346, 266,-328,340, 266,-328,398, 249,-175,336, 254,-142,376, 232,-301,347, 235,-292,465, 146,-113,276, 154,-78,513, 17,-73,217, 48,-82,520, -103,-183,227, -59,-330,529, -141,-206,224, -94,-387,509, -141,-244,242, -92,-421,503, -126,-189,245, -80,-352,429, -109,-36,304, -102,38,420, -319,18,299, -312,90,410, -506,335,291, -501,325,413, -533,352,286, -528,341,384, -564,97,307, -564,49,
361, 253,-345,374, 266,-321,380, 265,-321,387, 263,-322,353, 267,-317,346, 267,-317,340, 266,-317,398, 250,-173,336, 255,-141,376, 233,-291,347, 235,-283,465, 146,-109,276, 154,-84,513, 17,-71,217, 48,-103,521, -104,-180,226, -61,-333,532, -142,-211,224, -96,-388,512, -143,-243,242, -94,-421,506, -127,-194,244, -82,-354,429, -109,-33,304, -102,34,420, -319,22,298, -312,88,408, -507,336,288, -502,318,411, -535,353,284, -529,333,383, -565,105,305, -566,48,
361, 254,-299,374, 267,-279,380, 266,-279,387, 264,-279,353, 267,-272,346, 267,-271,340, 267,-272,398, 251,-152,336, 255,-112,376, 234,-254,347, 236,-242,466, 146,-102,275, 153,-78,513, 16,-72,218, 47,-107,527, -105,-173,224, -64,-334,541, -143,-201,218, -98,-387,522, -144,-229,237, -96,-416,514, -129,-188,241, -84,-355,429, -109,-31,304, -102,33,420, -319,13,298, -314,78,408, -509,311,288, -504,288,412, -537,327,284, -531,301,383, -567,88,306, -569,28,
361, 254,-376,374, 267,-352,381, 266,-352,387, 264,-352,353, 267,-347,346, 267,-347,340, 267,-347,399, 251,-190,336, 255,-162,377, 234,-317,347, 236,-309,465, 146,-107,275, 153,-100,513, 16,-72,218, 47,-116,524, -104,-190,228, -63,-352,536, -141,-229,224, -97,-406,517, -142,-264,243, -95,-439,510, -127,-210,246, -84,-373,429, -109,-31,304, -102,33,420, -319,18,298, -313,83,408, -508,342,288, -504,307,412, -536,360,284, -531,323,383, -566,100,306, -568,42,
361, 254,-390,374, 267,-366,381, 266,-366,387, 264,-366,353, 267,-361,346, 267,-361,340, 267,-361,399, 251,-201,336, 255,-174,377, 234,-330,348, 236,-322,465, 146,-109,275, 154,-106,513, 16,-72,218, 47,-118,523, -103,-198,230, -63,-354,534, -140,-240,228, -96,-407,514, -141,-274,246, -95,-441,508, -126,-219,248, -83,-375,429, -109,-31,304, -102,32,420, -319,22,298, -313,86,408, -508,352,288, -504,315,411, -536,370,284, -531,332,383, -566,106,306, -567,48,
361, 253,-428,374, 266,-407,381, 265,-407,388, 264,-407,353, 267,-402,346, 267,-402,340, 266,-402,399, 251,-229,336, 254,-203,377, 233,-362,348, 235,-355,465, 147,-113,280, 154,-117,513, 16,-67,211, 64,-186,515, -99,-196,244, 5,-498,516, -137,-238,252, -23,-562,500, -131,-273,274, -8,-578,497, -117,-215,271, 5,-511,434, -108,-30,311, -102,32,427, -315,29,306, -312,83,418, -505,358,305, -502,318,421, -531,376,303, -528,333,396, -563,107,321, -564,48,
361, 252,-354,374, 266,-335,381, 265,-335,388, 264,-335,353, 267,-327,346, 266,-326,340, 266,-327,399, 251,-166,336, 254,-125,376, 233,-291,348, 234,-279,466, 148,-84,283, 155,-51,514, 16,-71,222, 62,-273,505, -87,-197,229, 73,-795,504, -125,-238,221, 72,-883,490, -114,-270,234, 92,-896,486, -101,-215,244, 92,-816,437, -106,-30,312, -101,32,429, -309,19,305, -303,80,419, -496,278,303, -490,289,422, -520,287,300, -514,302,396, -553,28,321, -550,21,
361, 252,-316,374, 266,-293,381, 265,-293,388, 264,-293,353, 267,-284,346, 266,-283,340, 266,-284,399, 251,-136,336, 255,-86,376, 233,-261,347, 234,-247,465, 148,-74,283, 157,-35,514, 15,-62,204, 63,-296,508, -98,-128,217, 153,-730,508, -141,-158,217, 192,-815,490, -131,-178,230, 193,-798,487, -119,-141,235, 180,-738,437, -105,-30,309, -101,32,429, -309,-5,303, -303,102,417, -496,245,296, -489,322,420, -520,255,293, -513,340,394, -554,-1,309, -551,67,
361, 252,-249,374, 267,-227,381, 266,-227,388, 265,-227,353, 268,-217,346, 268,-217,340, 268,-217,399, 251,-86,336, 257,-30,376, 233,-200,347, 234,-185,465, 149,-34,283, 160,15,514, 14,-36,196, 77,-234,499, -98,-84,214, 201,-605,494, -141,-108,218, 236,-681,473, -131,-115,231, 240,-660,470, -119,-91,235, 229,-609,437, -108,-28,305, -102,30,428, -311,-28,302, -303,88,417, -497,194,294, -490,278,420, -520,201,290, -514,292,393, -557,-48,308, -553,27,
360, 252,-229,374, 267,-209,381, 266,-209,388, 265,-209,352, 269,-197,345, 269,-197,339, 269,-198,399, 251,-75,335, 258,-12,376, 233,-183,345, 234,-166,465, 149,-30,283, 162,35,515, 14,-26,194, 81,-219,497, -99,-68,213, 205,-559,493, -141,-90,218, 238,-633,471, -131,-100,231, 243,-641,468, -118,-75,234, 232,-567,437, -109,-29,303, -103,30,428, -312,-39,302, -304,82,417, -497,176,294, -490,261,420, -521,182,289, -515,274,393, -558,-64,308, -554,11,
358, 252,-271,373, 267,-250,380, 266,-250,387, 265,-250,350, 269,-240,343, 268,-240,338, 268,-240,399, 251,-106,334, 257,-51,375, 233,-221,345, 234,-207,465, 149,-39,283, 165,0,517, 18,-37,184, 163,-250,493, -89,-32,185, 279,-548,488, -130,-42,171, 319,-620,470, -120,-53,192, 316,-624,467, -108,-39,203, 303,-555,435, -109,-29,302, -103,30,424, -312,-28,297, -304,83,410, -497,219,284, -489,278,414, -520,229,279, -513,293,388, -558,-17,299, -554,13,
348, 252,-161,360, 267,-151,368, 266,-151,375, 265,-151,342, 267,-129,337, 267,-129,332, 266,-129,393, 252,-70,334, 256,37,365, 233,-135,341, 234,-105,463, 149,-53,284, 174,66,517, 18,-66,187, 239,-18,495, -90,-82,130, 355,-116,492, -131,-102,103, 398,-159,474, -120,-115,118, 400,-155,470, -108,-92,130, 385,-132,430, -108,-40,300, -101,41,414, -308,-53,292, -297,55,406, -489,167,278, -481,160,412, -514,177,273, -506,164,375, -546,-66,288, -542,-87,
348, 252,-89,361, 267,-79,369, 266,-79,375, 265,-79,342, 267,-57,337, 267,-57,333, 266,-58,392, 252,-9,337, 257,96,364, 234,-67,341, 234,-38,462, 149,-23,285, 180,106,516, 18,5,188, 261,78,497, -91,50,121, 360,52,497, -135,47,90, 396,23,482, -126,28,98, 398,15,477, -111,38,112, 384,31,427, -108,-46,299, -101,47,408, -308,-49,290, -297,70,401, -489,183,273, -482,202,408, -514,196,269, -507,208,367, -546,-38,280, -544,-40,
343, 252,-136,356, 267,-132,364, 266,-132,371, 265,-133,339, 267,-108,335, 266,-108,331, 266,-109,391, 252,-59,337, 256,48,360, 234,-113,339, 234,-81,462, 149,-44,286, 181,74,516, 20,-74,189, 267,56,486, -79,-20,122, 363,35,479, -119,19,90, 399,7,467, -108,-51,96, 397,0,465, -93,-13,109, 384,16,426, -110,-46,299, -101,47,404, -308,-54,287, -297,36,396, -490,159,267, -482,134,402, -515,170,262, -508,137,361, -547,-66,273, -544,-113,
340, 251,-92,354, 266,-91,362, 265,-92,369, 264,-92,338, 265,-64,334, 264,-63,330, 264,-64,390, 251,-46,338, 254,87,358, 233,-77,337, 234,-39,461, 148,-50,288, 182,110,515, 19,-72,191, 267,118,488, -89,-35,122, 364,124,484, -134,-38,91, 398,99,469, -125,-62,98, 398,88,467, -109,-44,110, 386,102,424, -113,-56,299, -104,57,402, -315,-88,287, -302,45,394, -499,111,267, -492,122,401, -525,120,262, -518,122,357, -555,-113,269, -554,-120,
342, 250,-191,355, 265,-164,363, 264,-164,370, 263,-164,338, 264,-152,334, 263,-152,330, 263,-152,390, 250,-63,336, 254,85,359, 232,-141,336, 232,-124,461, 148,-50,287, 181,74,515, 21,-64,190, 233,62,486, -82,-56,136, 349,-103,478, -123,-68,111, 388,-133,464, -112,-86,124, 387,-161,462, -98,-66,134, 373,-124,424, -112,-50,296, -104,51,404, -313,-56,286, -301,48,395, -497,133,268, -489,146,401, -521,141,263, -513,154,359, -554,-83,272, -553,-118,
343, 250,-196,356, 265,-175,365, 264,-175,373, 262,-175,339, 264,-160,334, 263,-160,329, 262,-160,391, 249,-61,332, 253,41,361, 230,-151,336, 230,-132,461, 148,-49,281, 171,86,515, 20,-41,174, 192,0,491, -94,-11,172, 307,-144,484, -136,-22,169, 340,-194,466, -129,-42,189, 340,-164,464, -116,-22,194, 329,-148,424, -113,-49,296, -107,50,406, -321,-55,286, -312,63,395, -510,157,269, -503,228,402, -535,166,264, -527,242,362, -574,-77,272, -573,-30,
344, 250,-199,357, 265,-180,367, 264,-180,375, 262,-180,339, 265,-165,334, 264,-165,329, 263,-165,392, 249,-59,329, 253,26,363, 230,-157,337, 230,-136,461, 148,-34,276, 167,72,515, 18,-5,174, 126,-109,503, -110,6,185, 295,-369,506, -153,-6,188, 326,-439,486, -147,-31,204, 325,-398,480, -134,-7,208, 316,-370,424, -115,-44,295, -110,46,414, -326,-56,290, -318,62,404, -519,160,276, -512,231,409, -544,168,270, -537,245,377, -583,-82,287, -581,-29,
344, 250,-201,358, 265,-182,368, 264,-182,376, 263,-182,339, 266,-167,334, 265,-167,329, 264,-167,393, 250,-59,327, 254,22,363, 230,-159,337, 231,-138,461, 148,-30,274, 165,69,515, 16,0,175, 117,-121,508, -114,9,191, 290,-376,512, -157,-3,194, 315,-444,493, -151,-26,212, 315,-402,486, -137,-3,215, 306,-376,424, -116,-43,294, -111,44,417, -327,-55,292, -320,67,408, -521,164,279, -514,253,413, -546,173,273, -540,268,382, -585,-78,293, -583,-4,
344, 251,-216,358, 265,-198,369, 264,-198,377, 263,-198,339, 266,-178,334, 265,-178,329, 264,-178,393, 250,-74,326, 254,18,364, 230,-174,337, 231,-147,461, 148,-55,275, 163,76,514, 16,-76,177, 95,-142,506, -112,-129,193, 230,-515,508, -154,-156,195, 256,-591,487, -148,-170,210, 261,-560,481, -134,-138,214, 253,-519,424, -116,-52,295, -111,53,417, -327,-80,293, -319,67,408, -522,129,282, -513,223,413, -548,134,277, -538,232,380, -582,-119,293, -580,-40,
345, 251,-214,359, 265,-195,369, 264,-195,377, 263,-196,339, 265,-177,334, 265,-177,329, 264,-177,393, 250,-69,327, 253,16,364, 230,-170,337, 231,-146,459, 150,-38,275, 164,83,517, 32,-91,178, 90,-134,480, -18,-194,196, 212,-514,462, -55,-222,197, 238,-587,439, -30,-217,210, 243,-553,444, -13,-194,214, 234,-515,420, -103,-45,289, -94,46,406, -312,-71,281, -302,50,395, -506,118,272, -496,178,398, -532,122,267, -519,185,374, -564,-122,286, -561,-80,
346, 248,-228,361, 263,-207,370, 261,-207,378, 260,-207,341, 264,-194,336, 263,-194,330, 262,-194,393, 249,-68,327, 253,2,364, 228,-176,337, 228,-158,458, 152,-33,275, 164,83,529, 43,-154,179, 91,-162,481, 42,-368,195, 207,-597,466, 26,-416,196, 229,-676,444, 36,-402,211, 235,-645,446, 42,-366,214, 226,-598,420, -87,-40,289, -80,42,407, -288,-49,282, -280,52,397, -477,130,276, -469,192,400, -502,134,273, -491,200,380, -534,-112,291, -533,-64,
347, 246,-273,361, 262,-253,370, 261,-253,378, 259,-253,341, 263,-242,336, 262,-242,331, 262,-242,393, 249,-95,328, 253,-37,364, 226,-216,338, 227,-201,458, 154,-36,276, 166,67,535, 44,-176,178, 89,-192,481, 46,-415,197, 205,-648,467, 32,-466,197, 229,-730,446, 43,-452,211, 234,-700,448, 48,-413,215, 225,-649,420, -86,-37,289, -79,39,408, -286,-40,283, -277,54,399, -472,139,278, -464,194,402, -496,144,275, -486,201,382, -530,-105,294, -529,-66,
351, 246,-197,364, 262,-179,372, 261,-180,380, 259,-179,343, 263,-170,337, 262,-170,331, 262,-170,394, 250,-45,328, 253,8,368, 226,-148,341, 227,-134,457, 160,19,276, 167,82,543, 53,-135,177, 84,-164,513, 151,-282,195, 204,-533,506, 174,-312,197, 227,-596,495, 186,-301,210, 233,-562,492, 175,-277,214, 224,-532,421, -78,-28,290, -75,29,420, -279,-52,291, -277,55,416, -466,104,290, -466,193,420, -488,108,287, -489,201,399, -529,-124,309, -532,-62,
355, 247,-156,368, 262,-135,375, 261,-135,382, 260,-135,346, 263,-124,339, 263,-124,334, 262,-124,396, 251,-10,328, 254,47,371, 226,-112,344, 227,-97,457, 162,37,276, 167,119,549, 60,-126,180, 75,-120,516, 172,-241,194, 198,-492,509, 197,-270,198, 223,-559,496, 208,-249,210, 230,-555,493, 197,-249,213, 221,-496,423, -69,-21,291, -37,23,424, -269,-55,294, -267,60,420, -457,81,293, -458,185,426, -478,83,289, -480,191,401, -521,-144,314, -525,-59,
357, 247,-153,370, 262,-132,378, 261,-132,385, 260,-132,348, 263,-122,341, 263,-122,335, 263,-122,396, 251,-5,328, 254,45,373, 226,-109,345, 228,-96,456, 163,41,276, 167,121,552, 69,-123,182, 71,-104,519, 185,-239,195, 198,-479,516, 215,-267,198, 222,-549,504, 222,-241,210, 230,-524,500, 210,-234,213, 220,-486,424, -67,-16,293, -54,18,427, -268,-50,297, -267,64,424, -456,93,298, -457,180,430, -477,95,294, -479,185,404, -519,-129,320, -525,-57,
358, 252,-160,372, 265,-149,380, 263,-149,387, 262,-149,349, 268,-128,341, 268,-128,335, 268,-128,397, 252,-12,328, 256,32,375, 231,-120,345, 234,-115,455, 164,37,276, 168,94,563, 97,-115,182, 71,-154,528, 216,-242,194, 198,-507,525, 250,-273,200, 224,-572,511, 252,-237,211, 232,-532,508, 241,-232,214, 223,-506,427, -72,-13,295, -54,15,432, -273,-29,302, -271,66,430, -460,147,305, -461,185,436, -483,152,302, -483,191,411, -522,-69,325, -528,-56,
361, 253,-170,375, 265,-157,382, 264,-157,389, 262,-157,352, 269,-132,344, 269,-132,337, 269,-132,398, 252,-10,329, 256,19,378, 232,-127,347, 237,-129,454, 164,39,277, 168,77,565, 102,-110,182, 72,-169,532, 218,-239,194, 199,-520,528, 252,-270,201, 224,-583,513, 254,-237,212, 232,-541,510, 243,-229,214, 224,-518,429, -73,-11,297, -59,13,433, -273,-22,304, -273,63,431, -460,159,306, -461,178,436, -482,163,303, -483,184,412, -521,-59,325, -528,-66,
363, 253,-246,377, 265,-209,384, 263,-209,390, 261,-208,355, 268,-206,348, 268,-206,341, 268,-206,399, 251,-34,331, 256,-33,379, 233,-192,349, 237,-193,454, 166,32,278, 166,0,569, 182,-102,182, 76,-242,613, 307,-234,196, 202,-572,625, 340,-257,201, 227,-636,609, 346,-236,213, 233,-596,602, 334,-225,216, 225,-571,431, -83,-13,301, -77,15,432, -283,-26,306, -284,38,429, -467,175,304, -468,167,435, -491,182,300, -490,173,409, -526,-51,322, -534,-94,
364, 253,-236,378, 264,-199,385, 263,-199,391, 261,-198,356, 268,-201,349, 268,-201,343, 268,-201,399, 251,-25,332, 257,-20,379, 233,-189,350, 237,-176,453, 170,31,279, 166,15,565, 215,-45,183, 79,-246,634, 309,-146,198, 203,-593,652, 341,-164,203, 228,-656,638, 346,-167,216, 234,-615,629, 334,-157,218, 226,-592,431, -87,-13,302, -84,15,431, -287,-27,307, -289,16,427, -470,179,304, -472,135,434, -493,186,300, -494,140,409, -527,-41,322, -536,-125,
364, 253,-214,378, 264,-175,385, 262,-174,391, 261,-174,357, 268,-175,350, 268,-175,344, 268,-175,399, 250,-13,335, 257,-5,379, 233,-165,351, 237,-160,452, 174,32,279, 165,30,554, 236,-17,185, 80,-232,632, 321,-93,199, 204,-592,651, 342,-108,205, 228,-657,639, 343,-119,218, 234,-616,629, 335,-108,221, 226,-592,429, -89,-13,302, -87,15,429, -288,-29,307, -290,27,423, -471,184,303, -472,142,427, -494,191,300, -494,152,408, -529,-37,320, -536,-113,
364, 251,-228,378, 263,-193,385, 261,-192,391, 259,-192,357, 266,-190,350, 266,-190,344, 265,-190,400, 249,-32,336, 255,-15,379, 232,-177,351, 235,-171,452, 174,16,282, 163,22,546, 236,-37,186, 81,-220,633, 322,-120,201, 205,-565,650, 342,-136,206, 228,-634,642, 343,-145,219, 234,-599,631, 334,-134,221, 226,-566,429, -92,-20,303, -89,21,429, -288,-30,307, -290,49,422, -471,187,303, -471,194,426, -494,196,299, -493,205,406, -529,-34,319, -535,-60,
364, 248,-249,379, 259,-212,385, 258,-212,391, 256,-212,357, 263,-211,350, 264,-211,343, 263,-211,400, 246,-44,336, 254,-34,379, 229,-194,351, 232,-191,451, 174,10,283, 160,1,546, 226,-43,186, 82,-274,637, 310,-123,201, 205,-639,652, 334,-137,206, 229,-705,642, 337,-144,218, 233,-665,633, 327,-136,221, 225,-639,430, -93,-22,305, -92,23,429, -290,-30,308, -294,55,423, -472,186,304, -473,202,427, -496,194,300, -495,211,408, -529,-40,320, -536,-57,
364, 248,-277,378, 260,-243,385, 258,-243,391, 256,-242,356, 263,-240,349, 264,-240,343, 263,-240,400, 246,-77,336, 254,-58,379, 229,-222,350, 232,-217,452, 174,-1,282, 161,-9,567, 220,-82,186, 78,-242,623, 296,-202,197, 202,-579,634, 334,-223,201, 227,-638,622, 341,-210,213, 233,-600,615, 328,-207,217, 224,-578,430, -91,-21,304, -89,22,428, -287,-26,304, -287,60,421, -469,182,299, -467,202,426, -492,189,295, -489,210,401, -528,-44,316, -533,-53,
364, 248,-260,378, 261,-227,385, 260,-227,391, 258,-227,355, 264,-223,348, 265,-223,342, 264,-223,399, 248,-67,335, 255,-43,379, 229,-207,350, 232,-201,452, 173,0,281, 162,1,573, 150,-122,186, 72,-233,609, 277,-286,195, 199,-573,630, 313,-316,199, 226,-633,612, 321,-287,211, 233,-585,612, 308,-283,215, 223,-568,430, -89,-17,302, -87,19,428, -286,-23,302, -285,64,421, -468,181,297, -467,205,426, -491,189,293, -489,213,400, -528,-46,316, -533,-46,
363, 250,-268,377, 263,-235,384, 262,-235,390, 261,-235,354, 266,-230,346, 266,-230,340, 266,-230,399, 251,-73,334, 256,-43,379, 230,-215,349, 232,-207,452, 172,0,280, 163,8,575, 133,-135,185, 71,-225,600, 271,-296,195, 199,-569,628, 310,-325,199, 226,-628,607, 317,-294,210, 232,-574,611, 303,-293,214, 223,-561,430, -86,-17,300, -84,19,427, -285,-18,299, -283,77,420, -467,184,294, -466,232,425, -489,191,289, -488,242,397, -528,-43,313, -533,-21,
362, 250,-221,377, 263,-196,384, 262,-195,390, 261,-195,354, 266,-188,346, 266,-188,339, 266,-189,399, 251,-49,334, 256,-11,378, 229,-170,348, 232,-161,452, 169,14,276, 163,50,573, 86,-120,186, 67,-197,557, 208,-277,192, 191,-567,559, 243,-307,197, 218,-630,544, 249,-275,208, 228,-590,542, 236,-270,212, 217,-565,430, -82,-15,298, -82,17,429, -281,-20,300, -280,76,424, -463,149,297, -464,210,429, -485,153,292, -486,218,404, -525,-70,317, -531,-26,
362, 250,-195,377, 263,-171,384, 262,-171,390, 260,-171,354, 266,-164,346, 266,-164,339, 266,-164,399, 251,-33,334, 256,4,378, 229,-148,348, 232,-138,453, 166,26,276, 164,66,569, 73,-113,187, 65,-157,552, 192,-259,190, 188,-518,552, 222,-288,194, 216,-578,539, 231,-261,205, 226,-546,535, 220,-254,209, 215,-518,430, -78,-12,299, -79,14,431, -276,-30,302, -277,63,426, -460,117,299, -462,170,431, -481,120,294, -484,175,407, -522,-93,318, -527,-58,
362, 247,-266,377, 262,-244,384, 261,-243,390, 260,-243,354, 263,-241,346, 263,-240,339, 263,-241,398, 251,-85,334, 256,-67,378, 228,-208,349, 230,-203,453, 165,24,276, 164,-20,564, 78,-13,188, 72,-292,587, 182,-122,152, 184,-736,609, 208,-125,126, 200,-794,599, 221,-118,142, 215,-785,589, 212,-124,154, 208,-746,432, -78,-6,301, -78,8,432, -277,-3,304, -278,63,426, -460,187,300, -463,213,431, -482,195,296, -485,224,407, -523,-17,318, -528,-27,
362, 247,-308,376, 261,-282,383, 260,-282,389, 259,-282,354, 262,-279,347, 263,-279,340, 263,-279,397, 250,-130,335, 255,-109,378, 228,-255,349, 230,-249,452, 164,-60,275, 161,-72,553, 90,-64,187, 88,-262,654, 142,-265,95, 175,-640,692, 149,-286,58, 188,-702,698, 160,-330,65, 204,-697,679, 152,-295,79, 199,-652,430, -87,-7,301, -88,9,431, -283,25,304, -291,56,426, -466,292,302, -473,216,430, -487,308,299, -494,227,410, -524,89,319, -532,-32,
362, 244,-379,376, 259,-356,383, 258,-356,388, 257,-356,354, 260,-347,347, 260,-347,340, 260,-347,397, 249,-199,335, 254,-151,378, 226,-323,349, 227,-310,451, 164,-117,275, 158,-78,550, 94,-90,182, 91,-204,675, 128,-285,82, 163,-520,715, 126,-312,42, 174,-570,721, 137,-367,49, 195,-621,703, 124,-319,65, 191,-551,430, -89,-26,302, -90,27,431, -284,-2,307, -294,70,429, -468,257,310, -478,242,433, -490,272,309, -499,251,418, -524,31,326, -535,-28,
362, 243,-382,375, 257,-359,382, 257,-359,387, 256,-359,354, 258,-351,347, 259,-351,340, 259,-351,396, 248,-207,335, 253,-156,377, 225,-328,349, 226,-314,451, 163,-128,276, 157,-81,548, 96,-103,180, 94,-175,676, 127,-291,79, 162,-457,716, 125,-318,40, 173,-502,721, 135,-373,46, 194,-543,705, 122,-325,61, 191,-486,429, -90,-32,302, -91,34,431, -286,-16,308, -297,72,429, -471,251,311, -482,241,433, -493,266,310, -504,250,419, -526,22,325, -538,-30,
361, 241,-384,374, 256,-361,381, 256,-361,386, 255,-361,353, 257,-349,346, 257,-349,340, 258,-349,396, 247,-211,336, 252,-144,377, 224,-331,349, 225,-311,452, 161,-145,277, 154,-59,548, 92,-158,181, 94,-124,679, 115,-376,78, 154,-407,731, 111,-408,43, 168,-450,731, 120,-462,48, 188,-488,712, 115,-410,62, 184,-435,429, -98,-46,303, -100,47,431, -295,-37,310, -306,75,431, -480,240,316, -491,244,435, -503,255,315, -512,253,422, -534,9,329, -546,-30,
361, 242,-354,374, 256,-327,381, 256,-327,386, 255,-326,354, 257,-321,347, 257,-321,341, 257,-322,396, 247,-171,336, 251,-126,377, 224,-296,351, 225,-287,454, 159,-110,277, 154,-47,549, 87,-135,180, 93,-135,684, 111,-323,79, 154,-426,740, 110,-347,40, 165,-468,740, 122,-390,48, 188,-497,720, 116,-353,64, 184,-451,429, -99,-43,303, -100,44,431, -297,-40,310, -306,43,431, -483,235,314, -494,190,435, -506,246,313, -517,196,421, -539,7,328, -549,-88,
361, 242,-267,374, 256,-242,381, 256,-242,386, 255,-242,354, 257,-239,348, 257,-239,341, 257,-239,396, 247,-98,337, 251,-80,377, 224,-217,351, 224,-212,454, 159,-25,282, 154,-44,545, 80,-48,197, 95,-248,664, 125,-190,86, 156,-635,709, 132,-200,63, 165,-682,697, 145,-218,72, 182,-687,675, 139,-207,84, 179,-652,433, -92,-21,309, -92,23,432, -287,-47,312, -296,45,430, -475,148,314, -483,167,435, -497,155,312, -505,173,420, -529,-59,327, -539,-82,
362, 242,-266,374, 257,-240,381, 256,-240,386, 255,-240,355, 257,-238,348, 257,-238,342, 256,-238,396, 247,-92,338, 250,-79,377, 224,-215,352, 224,-211,454, 158,-16,284, 154,-45,544, 78,-32,201, 97,-273,655, 130,-165,89, 157,-662,697, 138,-174,73, 166,-711,683, 153,-192,81, 182,-717,661, 147,-182,93, 178,-679,437, -91,-12,313, -90,14,434, -286,-44,314, -294,41,430, -473,153,313, -481,159,435, -495,161,312, -503,164,419, -527,-55,327, -537,-87,
363, 241,-258,374, 256,-232,381, 256,-231,386, 255,-231,356, 256,-233,350, 256,-233,344, 256,-233,396, 248,-60,340, 250,-67,378, 224,-196,354, 224,-198,453, 159,38,292, 161,-44,523, 79,-132,216, 94,-305,521, 122,-443,261, 115,-677,518, 131,-498,272, 111,-739,506, 147,-480,284, 126,-727,501, 143,-445,284, 122,-681,431, -70,4,313, -66,-2,424, -264,-42,309, -258,-31,416, -448,91,304, -444,30,419, -469,91,299, -467,28,397, -502,-134,318, -500,-226,
363, 241,-338,374, 256,-322,380, 256,-322,386, 255,-322,355, 256,-317,350, 256,-317,344, 255,-317,396, 248,-162,339, 250,-134,377, 224,-273,354, 222,-266,453, 166,-38,292, 164,-50,522, 78,-231,210, 81,-295,475, 118,-526,267, 111,-683,463, 123,-585,291, 117,-752,449, 144,-565,298, 134,-726,448, 142,-524,297, 131,-680,427, -54,0,310, -19,2,417, -247,-42,298, -235,-3,408, -427,113,294, -420,89,411, -449,115,291, -444,90,388, -487,-122,310, -480,-168,
361, 241,-333,372, 256,-311,379, 256,-311,385, 255,-311,354, 256,-307,349, 256,-307,343, 255,-308,396, 248,-150,339, 251,-117,376, 224,-266,353, 223,-261,453, 166,-22,292, 166,-36,526, 76,-237,223, 82,-272,509, 117,-621,234, 102,-709,496, 127,-691,231, 104,-783,488, 147,-673,236, 120,-785,486, 144,-623,244, 116,-721,427, -61,-1,310, -39,3,418, -253,-40,298, -245,8,410, -430,131,296, -426,114,413, -452,135,292, -450,119,389, -488,-103,311, -483,-147,
360, 240,-329,371, 256,-306,378, 256,-306,384, 255,-306,353, 256,-303,348, 256,-303,343, 255,-303,396, 248,-146,339, 251,-110,375, 224,-262,353, 223,-257,453, 166,-14,293, 168,-28,528, 75,-228,226, 82,-267,512, 117,-604,229, 100,-718,499, 129,-672,223, 102,-793,491, 148,-655,228, 118,-796,489, 145,-606,237, 114,-731,427, -64,-1,310, -49,4,419, -254,-38,299, -246,14,410, -430,135,296, -426,139,413, -452,138,293, -450,146,389, -487,-101,311, -483,-120,
360, 242,-322,372, 256,-293,378, 256,-293,384, 255,-293,354, 257,-292,348, 257,-292,343, 257,-292,396, 248,-139,339, 252,-109,375, 225,-259,352, 224,-253,452, 165,-45,286, 165,-55,539, 80,-110,209, 85,-261,632, 120,-287,116, 110,-677,673, 132,-307,73, 102,-761,674, 148,-336,81, 124,-742,656, 141,-309,97, 125,-688,427, -75,-5,309, -71,7,421, -266,-38,300, -272,30,414, -446,170,301, -451,157,418, -468,180,298, -472,163,399, -500,-42,314, -507,-94,
360, 242,-427,372, 256,-404,378, 256,-404,384, 255,-404,353, 257,-395,347, 258,-395,342, 258,-395,396, 248,-242,337, 252,-188,375, 225,-368,350, 225,-353,452, 165,-150,280, 164,-104,543, 92,-118,184, 89,-260,682, 117,-289,72, 122,-619,725, 120,-310,30, 118,-673,723, 130,-360,39, 143,-724,704, 125,-320,53, 145,-651,427, -84,-34,306, -83,35,422, -275,-15,300, -286,121,421, -453,291,306, -464,348,424, -475,310,304, -484,363,413, -508,58,320, -521,76,
360, 242,-408,372, 256,-385,378, 256,-385,384, 255,-385,353, 257,-376,347, 258,-376,341, 258,-376,396, 248,-224,336, 252,-172,375, 225,-351,350, 224,-336,452, 165,-141,278, 161,-90,545, 97,-118,182, 93,-213,679, 119,-294,68, 128,-542,728, 118,-320,30, 128,-590,724, 127,-373,34, 149,-637,705, 122,-327,48, 151,-574,425, -90,-42,304, -89,43,422, -280,-18,301, -291,134,421, -458,265,306, -471,355,424, -479,281,304, -491,369,412, -513,31,320, -528,88,
360, 242,-384,371, 257,-361,378, 256,-361,384, 255,-361,352, 258,-353,346, 258,-353,341, 258,-353,396, 248,-204,335, 252,-158,375, 224,-328,350, 225,-315,452, 165,-129,276, 159,-82,546, 100,-112,180, 94,-203,676, 120,-290,69, 129,-538,718, 119,-316,32, 129,-588,721, 123,-371,36, 150,-631,702, 119,-323,50, 153,-569,424, -91,-40,303, -91,42,422, -282,-8,301, -293,119,422, -462,280,307, -474,322,425, -483,296,306, -495,334,414, -516,51,321, -531,56,
360, 242,-388,371, 256,-364,378, 256,-364,384, 255,-364,352, 258,-356,346, 258,-356,341, 258,-356,395, 248,-210,335, 252,-162,375, 224,-333,350, 224,-319,452, 164,-137,276, 157,-84,547, 99,-131,179, 95,-199,677, 116,-329,69, 130,-534,728, 106,-359,32, 129,-587,725, 115,-431,35, 151,-627,706, 111,-373,49, 153,-565,425, -95,-39,304, -95,40,423, -288,-17,307, -299,113,426, -471,249,314, -485,260,431, -494,262,314, -506,264,418, -525,21,326, -541,-17,
360, 242,-377,371, 257,-353,378, 256,-353,384, 255,-353,352, 258,-346,346, 258,-346,341, 258,-346,395, 248,-198,335, 251,-154,375, 224,-321,350, 225,-309,454, 162,-125,277, 156,-83,551, 97,-128,181, 95,-191,675, 114,-315,80, 131,-492,727, 110,-341,37, 132,-537,725, 120,-400,43, 152,-576,706, 115,-351,59, 153,-521,425, -96,-38,304, -96,39,424, -290,-17,307, -301,100,426, -474,254,314, -486,252,430, -496,269,313, -508,258,417, -528,30,324, -542,-19,
360, 242,-334,371, 257,-308,378, 256,-308,384, 255,-308,352, 258,-305,346, 258,-305,341, 258,-305,395, 248,-159,336, 251,-142,375, 224,-282,350, 225,-277,454, 161,-97,278, 156,-80,551, 96,-101,187, 100,-220,667, 115,-268,87, 137,-525,710, 113,-289,53, 138,-579,704, 122,-328,58, 152,-610,688, 116,-294,72, 153,-552,425, -96,-24,306, -94,25,425, -289,-17,310, -298,54,426, -472,228,314, -484,167,431, -495,240,313, -506,170,417, -526,26,324, -539,-87,
360, 242,-297,371, 257,-272,378, 256,-272,383, 255,-272,352, 258,-268,346, 258,-268,341, 258,-268,395, 248,-129,336, 251,-111,375, 225,-248,350, 225,-243,454, 160,-75,279, 156,-72,549, 95,-91,191, 101,-245,666, 115,-246,93, 140,-588,702, 114,-264,59, 140,-636,696, 122,-298,65, 153,-654,681, 116,-269,78, 153,-611,426, -95,-19,307, -94,20,426, -288,-18,312, -297,35,426, -471,201,314, -483,134,431, -494,211,313, -505,136,416, -526,3,324, -538,-115,
360, 240,-309,371, 255,-285,378, 255,-285,383, 255,-285,353, 256,-281,347, 256,-281,342, 256,-281,395, 248,-115,337, 250,-97,375, 224,-248,352, 223,-243,451, 165,-39,292, 158,-25,528, 97,-289,213, 101,-298,496, 115,-657,259, 112,-726,484, 115,-733,269, 104,-807,464, 129,-721,279, 120,-795,461, 127,-662,278, 118,-733,423, -66,-15,307, -61,16,418, -254,-46,307, -247,-9,415, -432,95,305, -429,57,419, -455,95,302, -453,54,398, -485,-145,319, -486,-206,
360, 239,-308,371, 255,-287,378, 255,-287,383, 254,-286,353, 255,-282,347, 255,-282,342, 255,-282,395, 247,-120,337, 250,-94,375, 223,-245,352, 222,-238,452, 169,-46,294, 158,-26,525, 96,-332,210, 93,-327,460, 119,-700,281, 114,-744,437, 121,-774,308, 114,-819,426, 139,-745,315, 130,-787,429, 139,-697,312, 127,-739,425, -56,-16,308, -22,17,417, -246,-44,305, -237,11,414, -422,109,301, -419,99,417, -445,111,297, -442,100,395, -480,-132,316, -478,-163,
359, 240,-309,370, 255,-283,377, 255,-283,383, 255,-283,352, 255,-282,346, 255,-282,341, 255,-282,395, 248,-100,337, 251,-93,374, 223,-242,351, 223,-240,451, 169,-2,293, 166,-30,525, 94,-259,224, 94,-363,499, 135,-628,230, 113,-852,495, 137,-696,221, 114,-938,480, 152,-684,229, 132,-937,476, 149,-634,238, 125,-865,425, -61,-10,309, -40,12,418, -249,0,306, -242,20,414, -422,155,301, -420,138,418, -444,150,298, -443,146,395, -478,-77,316, -477,-108,
359, 240,-309,370, 256,-283,377, 256,-283,383, 255,-282,352, 256,-282,346, 256,-282,341, 256,-283,395, 248,-97,337, 251,-93,374, 224,-241,350, 223,-240,451, 169,3,293, 169,-32,525, 93,-248,228, 94,-366,504, 139,-624,223, 112,-860,501, 141,-692,209, 114,-946,486, 156,-681,217, 132,-947,481, 152,-630,227, 125,-874,426, -63,-8,310, -49,10,418, -249,8,306, -243,25,415, -422,170,302, -420,152,418, -443,164,298, -443,161,395, -477,-59,316, -477,-92,
359, 241,-220,370, 256,-199,377, 256,-199,383, 255,-199,352, 257,-192,346, 257,-192,341, 257,-192,395, 249,-50,337, 252,-19,374, 225,-166,350, 224,-158,454, 168,5,289, 168,8,521, 91,-175,226, 94,-331,529, 118,-476,206, 113,-808,522, 129,-520,174, 116,-880,513, 149,-520,199, 134,-878,516, 143,-483,214, 128,-822,432, -66,-9,311, -61,11,423, -252,38,307, -245,90,422, -427,260,303, -427,277,425, -448,270,299, -449,291,406, -482,59,321, -484,49,
359, 241,-257,370, 256,-246,377, 256,-245,383, 256,-245,352, 257,-236,346, 257,-236,340, 257,-236,395, 249,-81,335, 252,-22,374, 225,-189,350, 224,-171,455, 167,-12,282, 168,-4,529, 84,-136,208, 93,-354,551, 115,-381,168, 131,-855,567, 136,-415,134, 147,-926,553, 153,-416,152, 159,-926,543, 145,-389,169, 152,-870,433, -71,-11,310, -71,12,430, -254,34,307, -256,120,427, -429,265,303, -428,338,430, -451,276,299, -450,355,410, -486,60,322, -491,108,
359, 241,-345,371, 256,-321,378, 256,-321,384, 256,-321,351, 257,-319,345, 257,-318,339, 258,-319,395, 249,-125,334, 252,-106,374, 225,-271,349, 224,-266,455, 166,-15,276, 167,-32,531, 75,-194,204, 87,-375,552, 107,-548,167, 130,-913,568, 135,-609,138, 146,-997,555, 152,-604,154, 160,-997,543, 145,-556,169, 154,-928,435, -75,-11,309, -78,13,434, -260,44,308, -264,134,431, -433,291,304, -433,374,435, -455,302,300, -456,392,412, -494,68,323, -498,128,
359, 241,-345,371, 257,-317,378, 256,-317,384, 256,-317,351, 257,-316,345, 258,-316,339, 258,-316,395, 249,-121,334, 252,-109,374, 225,-271,349, 224,-269,454, 164,-4,275, 166,-34,527, 68,-149,204, 90,-386,549, 98,-471,172, 127,-927,560, 128,-526,145, 144,-1010,551, 145,-525,164, 160,-1011,540, 137,-478,177, 153,-942,434, -77,-9,309, -78,11,434, -260,31,307, -263,94,428, -434,276,304, -435,287,431, -456,291,299, -457,300,409, -494,39,323, -496,74,
359, 241,-297,371, 257,-268,378, 256,-268,384, 256,-268,351, 258,-267,345, 258,-267,339, 258,-268,395, 249,-77,334, 252,-72,374, 225,-227,349, 224,-226,453, 163,25,276, 166,-9,522, 65,-119,219, 82,-336,544, 95,-440,189, 109,-859,551, 124,-492,171, 129,-937,544, 141,-492,184, 148,-939,535, 131,-448,194, 139,-873,434, -77,-10,309, -78,11,432, -260,10,307, -262,64,423, -435,199,302, -434,210,426, -457,205,297, -457,218,403, -494,-22,320, -495,-27,
359, 241,-299,371, 257,-273,378, 256,-273,384, 256,-273,351, 258,-271,345, 258,-271,339, 258,-271,395, 249,-89,334, 252,-78,374, 225,-232,348, 224,-230,453, 162,14,276, 166,-13,525, 65,-133,211, 77,-314,544, 93,-453,190, 106,-837,549, 124,-514,180, 126,-913,539, 140,-499,196, 146,-918,530, 129,-453,203, 136,-855,433, -76,-9,308, -75,11,431, -260,10,307, -259,52,422, -434,190,302, -432,202,425, -456,194,297, -454,210,402, -493,-28,320, -492,-37,
359, 242,-234,371, 257,-208,378, 256,-208,384, 256,-208,351, 258,-206,345, 258,-206,339, 258,-206,395, 249,-50,334, 252,-38,374, 225,-177,349, 225,-175,453, 162,14,276, 166,-9,539, 76,-141,206, 95,-318,559, 114,-436,180, 146,-820,578, 145,-483,157, 165,-888,561, 161,-473,183, 181,-881,547, 150,-441,192, 174,-832,433, -73,-10,308, -72,11,431, -260,8,307, -259,53,421, -434,193,301, -433,207,423, -456,200,297, -455,215,402, -492,-27,318, -492,-34,
359, 242,-221,371, 257,-196,378, 256,-196,383, 256,-196,351, 258,-193,345, 258,-193,340, 258,-193,394, 249,-42,335, 252,-26,374, 225,-167,349, 225,-162,453, 162,16,277, 168,3,549, 91,-145,200, 108,-308,583, 129,-437,169, 165,-778,606, 155,-484,143, 181,-848,590, 173,-477,171, 193,-836,578, 163,-444,182, 188,-789,432, -73,-11,308, -70,13,428, -259,-8,306, -258,74,417, -435,163,300, -434,217,419, -456,169,295, -456,224,399, -492,-47,315, -492,-18,
359, 243,-217,370, 257,-193,377, 257,-193,383, 256,-193,351, 258,-189,345, 258,-189,340, 258,-189,394, 249,-45,335, 252,-25,374, 226,-163,349, 226,-158,454, 162,17,279, 170,1,553, 98,-136,196, 114,-313,592, 129,-410,162, 163,-788,618, 154,-450,135, 181,-851,599, 171,-445,163, 194,-847,586, 162,-418,176, 188,-797,431, -72,-11,307, -67,13,425, -259,-13,305, -257,80,415, -434,157,299, -433,221,417, -456,165,295, -455,228,399, -490,-48,313, -492,-10,
359, 244,-234,370, 258,-210,377, 258,-210,383, 257,-210,351, 259,-206,345, 259,-206,340, 259,-206,394, 249,-56,336, 252,-35,374, 228,-178,349, 228,-172,455, 163,13,280, 172,-3,553, 98,-130,197, 111,-335,590, 134,-394,163, 159,-831,616, 160,-432,136, 175,-901,600, 179,-428,161, 190,-894,587, 169,-401,175, 183,-842,431, -70,-12,307, -66,13,426, -258,-6,307, -257,84,417, -434,174,301, -433,245,419, -456,183,298, -455,255,402, -490,-27,314, -492,9,
358, 244,-244,370, 258,-221,377, 258,-221,383, 257,-221,350, 259,-217,344, 259,-217,339, 259,-217,393, 249,-64,335, 252,-41,373, 228,-187,347, 228,-182,455, 162,2,279, 171,-6,551, 96,-153,197, 110,-337,572, 115,-409,167, 139,-829,587, 144,-454,138, 160,-899,568, 159,-450,162, 177,-891,554, 148,-420,177, 166,-839,430, -73,-12,306, -70,14,426, -261,10,306, -261,76,417, -437,216,300, -438,226,419, -459,226,297, -460,235,402, -494,17,314, -497,-7,
355, 244,-263,367, 258,-241,374, 258,-241,380, 257,-241,349, 259,-235,343, 259,-235,338, 259,-235,392, 249,-82,335, 252,-54,371, 228,-205,346, 227,-197,453, 162,-8,276, 170,-8,540, 89,-157,194, 102,-334,554, 98,-446,167, 126,-828,565, 125,-497,143, 147,-901,548, 138,-495,167, 161,-894,537, 129,-454,178, 155,-839,428, -75,-15,304, -71,16,421, -263,24,300, -262,94,412, -438,248,297, -438,286,414, -461,259,293, -460,300,397, -494,42,311, -497,52,
354, 244,-237,365, 258,-216,372, 258,-216,379, 257,-216,348, 259,-210,343, 259,-210,338, 259,-211,390, 249,-69,335, 253,-42,369, 228,-184,345, 228,-177,450, 162,-8,275, 170,23,521, 80,-201,194, 95,-244,537, 93,-574,175, 112,-716,548, 115,-640,154, 130,-786,536, 128,-641,174, 147,-782,526, 121,-584,184, 139,-726,424, -75,-16,304, -71,18,417, -261,12,299, -260,66,410, -437,202,296, -436,203,413, -458,209,292, -457,211,393, -493,10,311, -493,-18,
353, 244,-221,365, 258,-203,372, 258,-203,378, 257,-203,348, 259,-198,343, 259,-198,338, 259,-198,389, 249,-63,335, 253,-40,368, 228,-169,345, 228,-162,448, 163,-4,274, 169,22,512, 73,-192,198, 89,-253,526, 91,-552,182, 104,-727,539, 112,-615,162, 117,-796,528, 124,-614,178, 135,-796,518, 118,-560,189, 129,-739,423, -75,-16,304, -73,17,416, -261,15,300, -260,45,410, -437,202,297, -436,163,413, -458,210,293, -458,169,393, -493,15,312, -493,-51,
353, 244,-207,365, 258,-189,371, 258,-189,378, 257,-189,348, 259,-184,343, 259,-184,339, 258,-184,389, 249,-55,337, 252,-33,368, 228,-158,345, 228,-152,447, 162,-12,275, 167,27,515, 75,-204,191, 105,-219,534, 93,-524,163, 123,-604,548, 115,-577,151, 119,-658,536, 129,-575,163, 139,-650,526, 122,-532,174, 131,-613,423, -79,-22,306, -76,24,416, -265,14,300, -266,45,410, -442,205,299, -442,163,413, -464,213,296, -463,169,393, -497,16,314, -499,-61,
353, 244,-268,365, 258,-241,371, 257,-241,377, 257,-241,348, 258,-237,343, 258,-237,339, 258,-237,388, 248,-103,337, 251,-83,368, 228,-221,346, 228,-215,447, 161,-63,275, 163,-45,539, 84,-118,182, 109,-213,640, 95,-290,85, 148,-532,693, 107,-312,53, 154,-582,686, 118,-351,59, 174,-604,668, 112,-317,70, 166,-557,423, -89,-24,306, -90,26,416, -282,-42,301, -290,1,410, -467,154,300, -478,86,413, -489,163,298, -501,86,398, -519,-55,314, -531,-172,
351, 244,-378,363, 258,-360,369, 258,-360,375, 257,-360,347, 258,-349,342, 258,-349,338, 258,-349,388, 248,-237,337, 250,-181,366, 228,-333,345, 228,-316,453, 158,-173,274, 162,-119,560, 110,-206,168, 123,-208,699, 96,-378,45, 148,-457,739, 104,-406,20, 167,-497,732, 114,-439,20, 180,-533,717, 109,-401,29, 170,-484,423, -87,-42,308, -88,43,415, -281,-107,305, -285,-24,411, -467,61,300, -476,36,413, -490,66,299, -502,32,397, -518,-180,309, -528,-238,
352, 242,-239,364, 257,-212,371, 257,-213,377, 256,-213,348, 257,-203,343, 257,-203,339, 257,-203,388, 247,-102,337, 250,-49,367, 227,-203,346, 227,-188,456, 157,-136,275, 161,-19,562, 116,-104,168, 126,-83,694, 96,-261,42, 150,-316,740, 95,-273,14, 171,-347,733, 104,-320,16, 183,-381,717, 101,-292,26, 174,-344,423, -82,-45,310, -78,45,414, -279,-85,306, -280,1,411, -465,73,301, -470,57,414, -487,78,301, -494,52,399, -512,-153,308, -526,-203,
354, 241,-367,365, 256,-340,372, 255,-340,378, 255,-340,348, 256,-337,344, 255,-337,339, 255,-337,389, 247,-182,338, 249,-162,369, 225,-310,347, 226,-304,456, 157,-110,276, 161,-112,562, 112,-128,171, 123,-300,676, 96,-327,79, 149,-688,730, 93,-353,47, 168,-756,721, 103,-396,54, 183,-782,704, 99,-356,67, 171,-716,423, -93,-29,310, -92,30,414, -292,-63,308, -293,-55,413, -480,110,304, -488,9,417, -504,116,304, -513,5,401, -531,-119,312, -543,-266,
356, 240,-371,367, 255,-345,374, 254,-345,380, 254,-345,349, 255,-343,344, 255,-343,340, 254,-343,390, 247,-185,337, 248,-170,371, 224,-313,348, 225,-309,455, 157,-99,276, 160,-113,559, 109,-116,174, 121,-280,663, 96,-313,86, 149,-653,715, 94,-343,52, 165,-725,706, 104,-389,57, 179,-752,689, 99,-344,69, 170,-698,423, -95,-21,308, -94,22,415, -294,-54,308, -297,-44,413, -483,124,303, -491,28,417, -507,130,303, -516,25,401, -535,-101,311, -546,-248,
357, 236,-291,369, 251,-270,375, 251,-270,380, 251,-270,351, 252,-267,345, 252,-267,340, 252,-267,391, 246,-105,338, 248,-91,372, 220,-229,349, 221,-225,455, 157,-14,278, 160,-59,546, 100,-79,186, 120,-352,586, 97,-279,143, 148,-832,609, 109,-309,122, 165,-903,600, 123,-323,142, 173,-906,590, 116,-292,151, 166,-848,425, -95,-15,309, -93,16,419, -290,21,308, -292,35,416, -474,212,305, -479,161,418, -496,220,304, -501,168,405, -532,15,316, -541,-74,
360, 234,-262,371, 249,-241,377, 249,-241,382, 249,-241,354, 250,-239,348, 250,-239,343, 251,-239,392, 245,-72,339, 248,-61,374, 219,-197,351, 220,-195,454, 159,22,280, 163,-15,532, 92,-72,204, 113,-348,560, 94,-314,179, 125,-877,576, 110,-351,162, 140,-961,565, 123,-367,177, 154,-961,554, 116,-326,187, 147,-892,426, -84,-10,309, -81,11,419, -270,32,307, -266,36,417, -450,218,305, -449,161,419, -472,226,304, -471,167,405, -508,17,320, -508,-76,
360, 234,-274,372, 250,-250,378, 250,-250,383, 249,-250,354, 250,-249,349, 251,-249,343, 251,-249,393, 245,-87,339, 248,-72,374, 219,-205,351, 220,-197,453, 159,4,280, 164,-24,533, 86,-77,202, 109,-358,565, 94,-308,170, 127,-866,581, 115,-345,148, 141,-944,572, 129,-357,165, 155,-946,562, 121,-319,176, 149,-881,426, -84,-8,308, -81,9,420, -270,55,306, -267,61,418, -449,266,305, -449,221,420, -471,276,303, -471,231,406, -507,66,320, -508,-15,
361, 234,-305,373, 250,-281,379, 250,-281,384, 249,-280,354, 250,-279,349, 251,-279,343, 251,-279,394, 245,-100,339, 248,-91,375, 219,-236,351, 220,-233,454, 159,-7,280, 163,-43,540, 86,-92,201, 109,-376,577, 97,-322,158, 140,-871,600, 121,-357,136, 148,-944,591, 136,-367,150, 161,-945,579, 128,-334,161, 157,-886,426, -85,-7,307, -81,9,421, -274,59,304, -272,64,417, -452,278,302, -452,226,419, -474,288,301, -474,235,405, -511,73,318, -514,-17,
361, 234,-320,373, 250,-297,379, 250,-297,385, 249,-297,355, 251,-296,349, 251,-296,343, 251,-296,394, 245,-135,339, 248,-127,375, 219,-260,352, 220,-257,455, 158,-36,280, 163,-77,558, 86,-160,197, 110,-369,612, 100,-429,137, 146,-823,642, 125,-468,101, 157,-890,627, 142,-475,115, 173,-896,622, 126,-443,134, 165,-840,428, -90,-8,308, -88,9,425, -283,26,306, -285,56,421, -464,232,304, -469,194,423, -487,242,302, -491,201,408, -522,25,318, -527,-50,
361, 235,-351,373, 250,-324,379, 250,-324,385, 249,-324,355, 251,-322,349, 251,-322,343, 252,-323,395, 245,-168,339, 248,-159,375, 219,-295,351, 220,-292,457, 157,-94,279, 162,-120,561, 93,-149,171, 114,-363,662, 89,-356,95, 146,-706,715, 89,-382,65, 151,-769,703, 101,-442,70, 164,-790,687, 95,-394,87, 160,-730,426, -91,-8,307, -88,9,421, -287,-37,306, -288,-43,418, -475,132,303, -480,22,420, -498,137,301, -505,18,406, -528,-104,314, -535,-261,
361, 236,-338,373, 251,-311,379, 251,-311,384, 250,-311,355, 252,-310,349, 252,-310,344, 252,-310,394, 244,-154,340, 248,-143,375, 220,-281,351, 221,-278,457, 157,-80,278, 159,-109,566, 100,-134,174, 120,-347,700, 83,-313,96, 146,-718,738, 74,-336,62, 157,-792,729, 86,-393,72, 168,-827,714, 84,-349,88, 162,-755,425, -90,-14,308, -87,14,417, -285,-62,306, -282,-55,414, -472,80,302, -479,-9,417, -495,83,300, -502,-15,400, -523,-145,309, -531,-274,
361, 239,-245,373, 254,-216,379, 253,-217,384, 252,-217,355, 254,-209,349, 254,-209,344, 254,-209,394, 244,-87,340, 248,-46,375, 222,-201,351, 223,-190,458, 157,-46,278, 159,-28,566, 102,-14,171, 119,-245,686, 82,-105,99, 147,-622,738, 73,-102,62, 158,-677,729, 83,-150,74, 168,-688,711, 81,-132,90, 162,-644,425, -85,-21,308, -82,21,417, -281,-57,309, -278,-33,417, -470,97,306, -477,26,420, -494,101,305, -501,23,406, -519,-129,314, -526,-236,
361, 240,-268,373, 254,-240,379, 254,-240,384, 253,-240,355, 255,-235,349, 255,-235,343, 254,-236,394, 245,-96,340, 248,-63,375, 223,-216,351, 223,-209,460, 155,-46,278, 160,-41,568, 100,-29,173, 112,-290,681, 83,-152,101, 147,-727,711, 80,-160,70, 157,-787,702, 91,-195,81, 168,-797,686, 87,-174,96, 162,-747,425, -87,-19,307, -84,20,420, -282,-47,309, -284,-21,418, -471,121,306, -478,57,421, -494,127,304, -502,57,406, -523,-99,314, -532,-201,
360, 238,-296,373, 253,-274,379, 253,-274,384, 252,-274,354, 254,-266,348, 254,-266,342, 254,-266,395, 245,-111,340, 248,-77,375, 221,-237,351, 222,-224,459, 155,-46,278, 160,-15,566, 69,-78,175, 102,-246,579, 47,-299,131, 167,-704,588, 36,-340,108, 188,-775,569, 45,-335,125, 199,-776,555, 47,-304,137, 191,-718,427, -90,-23,303, -88,24,425, -291,-49,309, -293,53,421, -480,129,305, -484,196,424, -504,136,303, -507,203,406, -538,-94,315, -546,-80,
359, 238,-304,372, 253,-283,378, 253,-283,384, 252,-283,352, 253,-275,346, 253,-275,340, 253,-275,395, 244,-130,338, 247,-89,374, 221,-249,349, 221,-236,459, 155,-68,278, 160,-29,557, 53,-79,175, 102,-251,577, -31,-231,131, 188,-656,589, -60,-258,102, 218,-728,573, -53,-273,119, 229,-725,538, -7,-244,137, 215,-670,429, -93,-23,302, -92,25,426, -298,-52,309, -301,52,421, -489,141,301, -491,169,425, -515,150,298, -515,170,405, -548,-87,314, -555,-108,
357, 238,-301,371, 253,-283,377, 253,-283,383, 252,-283,351, 254,-274,345, 253,-273,340, 253,-274,394, 245,-148,338, 247,-90,373, 221,-250,348, 222,-236,459, 151,-129,278, 162,-32,527, 28,-161,175, 115,-176,532, -86,-266,95, 199,-458,543, -128,-299,57, 210,-513,522, -125,-325,62, 219,-527,513, -109,-281,77, 213,-479,430, -101,-25,302, -99,26,426, -304,-44,309, -302,40,422, -491,189,298, -490,156,426, -517,201,294, -516,159,400, -549,-30,309, -551,-100,
354, 242,-383,369, 256,-365,375, 256,-365,382, 254,-365,350, 256,-354,344, 256,-354,339, 256,-354,392, 245,-217,338, 248,-164,371, 224,-330,346, 225,-315,459, 150,-192,278, 166,-98,514, 23,-249,172, 158,-182,523, -106,-416,62, 196,-589,535, -154,-456,24, 156,-651,515, -153,-488,28, 148,-664,507, -136,-436,42, 153,-613,429, -110,-24,302, -105,26,426, -310,67,305, -304,134,420, -494,396,294, -490,398,424, -522,417,290, -518,417,395, -550,174,303, -550,149,
355, 245,-372,369, 259,-353,375, 258,-353,382, 256,-353,350, 259,-346,344, 259,-346,339, 259,-346,392, 246,-202,338, 250,-171,370, 226,-317,346, 226,-308,459, 150,-155,277, 170,-127,515, 24,-187,171, 152,-330,524, -100,-294,71, 145,-748,534, -144,-318,32, 127,-819,516, -144,-348,37, 120,-853,508, -128,-310,52, 122,-780,428, -107,-18,302, -103,20,425, -306,84,303, -303,110,420, -490,387,294, -488,351,424, -518,405,291, -515,368,395, -547,165,303, -548,100,
355, 246,-359,369, 259,-339,376, 258,-339,382, 256,-340,350, 260,-334,345, 260,-334,340, 260,-334,392, 246,-191,337, 250,-166,370, 227,-305,346, 228,-298,459, 150,-144,277, 170,-120,513, 27,-170,170, 144,-323,524, -89,-254,66, 127,-721,535, -132,-277,26, 120,-788,517, -132,-308,35, 119,-818,509, -117,-272,50, 118,-750,425, -106,-16,301, -103,17,421, -304,50,300, -303,91,418, -488,315,293, -486,293,422, -515,329,290, -513,306,394, -545,92,303, -547,43,
356, 248,-350,370, 261,-334,376, 259,-334,382, 257,-334,351, 262,-325,346, 262,-325,340, 262,-325,393, 246,-188,338, 251,-153,371, 229,-299,346, 230,-288,459, 155,-132,278, 169,-92,511, 34,-112,173, 135,-239,518, -77,-191,74, 116,-617,526, -119,-213,36, 110,-680,509, -117,-244,41, 111,-723,502, -103,-208,56, 110,-649,425, -102,-18,301, -96,19,419, -299,36,299, -294,95,416, -483,292,293, -477,305,419, -510,305,289, -503,318,392, -537,64,302, -536,50,
359, 253,-489,371, 265,-473,377, 264,-473,382, 262,-474,354, 265,-473,349, 264,-473,343, 264,-474,393, 248,-324,339, 252,-321,372, 235,-431,349, 235,-430,459, 169,-242,281, 169,-217,514, 63,-182,173, 115,-216,507, -63,-249,49, 106,-390,511, -95,-275,9, 101,-427,503, -90,-317,10, 106,-489,497, -78,-269,30, 101,-424,425, -77,-19,303, -70,20,418, -279,-11,302, -271,67,416, -465,221,294, -463,187,419, -490,232,291, -487,191,393, -521,-5,302, -524,-70,
360, 252,-441,371, 263,-423,377, 262,-423,383, 261,-424,354, 264,-424,349, 264,-424,343, 263,-424,393, 248,-260,339, 252,-259,373, 235,-377,349, 235,-377,459, 173,-183,282, 168,-164,542, 92,-176,170, 109,-255,521, -35,-247,59, 98,-526,522, -89,-275,18, 93,-602,506, -78,-310,24, 99,-684,497, -43,-264,42, 96,-573,424, -78,-20,303, -72,21,416, -279,-21,302, -274,45,415, -466,175,295, -465,133,418, -491,183,291, -489,134,393, -522,-45,303, -525,-120,
360, 251,-466,371, 263,-448,377, 262,-448,383, 260,-448,354, 264,-449,349, 263,-449,344, 263,-450,393, 248,-279,340, 252,-281,373, 235,-400,349, 234,-400,459, 175,-186,283, 168,-169,550, 99,-168,168, 106,-218,526, -21,-278,61, 93,-471,524, -78,-317,21, 88,-527,507, -64,-350,22, 92,-589,499, -26,-296,41, 88,-507,424, -78,-21,304, -74,22,416, -279,-40,302, -276,28,414, -467,156,295, -466,119,417, -492,164,292, -491,119,393, -523,-66,303, -525,-138,
360, 245,-543,372, 259,-526,378, 258,-526,384, 257,-526,354, 260,-522,348, 260,-522,343, 260,-522,395, 248,-346,338, 251,-322,374, 228,-474,350, 228,-467,462, 173,-238,283, 167,-179,586, 132,-255,169, 106,-340,600, 37,-448,74, 91,-772,610, -6,-494,27, 83,-846,563, 2,-527,34, 84,-890,551, 18,-465,57, 83,-803,425, -81,-25,304, -77,26,418, -286,-2,303, -286,74,414, -470,272,295, -473,234,417, -496,283,292, -498,239,393, -527,14,303, -538,-55,
360, 244,-487,372, 258,-467,378, 257,-467,384, 256,-467,354, 259,-458,348, 259,-458,342, 259,-458,395, 248,-302,337, 251,-274,374, 227,-426,350, 226,-412,463, 169,-202,283, 163,-162,584, 127,-253,175, 100,-380,691, 90,-376,84, 91,-837,736, 76,-487,40, 92,-905,723, 80,-435,48, 96,-938,705, 77,-383,69, 93,-867,427, -84,-32,304, -80,34,420, -288,-38,306, -290,63,418, -473,218,303, -479,224,421, -498,229,300, -503,229,404, -528,-44,313, -540,-77,
360, 243,-372,372, 258,-344,378, 257,-344,384, 256,-344,353, 259,-340,347, 259,-340,342, 258,-340,395, 248,-182,337, 251,-159,375, 226,-316,350, 226,-309,462, 164,-102,282, 159,-105,577, 123,-125,180, 97,-301,666, 116,-310,85, 108,-711,704, 119,-342,40, 106,-752,708, 128,-359,48, 116,-772,689, 119,-334,68, 118,-736,428, -94,-32,304, -93,33,424, -296,-48,306, -304,56,422, -483,188,304, -491,199,426, -507,198,303, -514,203,410, -539,-54,316, -550,-88,
361, 242,-249,372, 257,-229,378, 256,-229,384, 256,-229,354, 257,-224,348, 257,-224,342, 257,-224,395, 247,-87,338, 251,-59,375, 226,-198,351, 225,-191,457, 163,-55,283, 159,7,526, 107,-287,195, 108,-169,520, 115,-661,112, 126,-520,535, 123,-728,86, 126,-573,522, 135,-723,93, 141,-587,527, 140,-673,105, 138,-540,429, -80,-23,310, -80,24,426, -273,5,312, -274,51,425, -456,197,308, -460,158,430, -478,207,305, -482,162,410, -515,-25,324, -518,-92,
359, 242,-281,370, 257,-262,376, 256,-262,382, 256,-262,352, 257,-254,347, 257,-254,341, 257,-254,393, 248,-102,338, 251,-58,373, 225,-220,350, 225,-208,453, 169,-67,291, 165,32,519, 104,-312,220, 105,-212,421, 114,-559,269, 110,-586,394, 110,-616,280, 103,-638,375, 121,-596,289, 130,-658,386, 122,-557,287, 118,-605,427, -74,-34,309, -69,35,423, -266,-28,312, -261,46,422, -448,130,308, -443,133,429, -473,133,305, -468,133,397, -504,-107,317, -503,-120,
359, 241,-323,369, 256,-301,376, 256,-301,382, 256,-301,352, 256,-293,346, 256,-293,341, 256,-293,392, 248,-132,338, 251,-66,373, 225,-263,350, 225,-253,453, 172,-89,290, 167,-74,511, 90,-331,220, 88,-370,381, 123,-546,338, 116,-617,357, 145,-593,358, 136,-665,357, 159,-550,357, 151,-658,362, 152,-532,352, 143,-624,425, -30,-7,307, -29,9,420, -246,24,304, -239,15,418, -422,214,303, -420,121,423, -444,221,299, -443,124,397, -481,3,314, -478,-123,
357, 242,-343,368, 256,-321,374, 256,-320,381, 256,-320,350, 257,-319,344, 258,-319,339, 259,-319,391, 249,-145,336, 253,-121,371, 226,-279,348, 227,-276,450, 173,-96,289, 167,-107,512, 87,-349,213, 82,-390,387, 118,-581,332, 116,-667,360, 140,-632,359, 138,-725,360, 155,-583,357, 151,-679,364, 146,-566,351, 143,-647,423, -46,-8,304, -22,10,417, -245,17,297, -239,22,414, -419,224,297, -417,139,417, -441,232,293, -441,142,395, -479,0,310, -477,-113,
356, 239,-366,368, 255,-346,374, 255,-346,381, 255,-345,349, 257,-343,343, 257,-343,338, 258,-343,391, 248,-173,336, 252,-146,371, 222,-300,347, 225,-295,450, 173,-100,289, 166,-106,513, 84,-346,211, 77,-389,385, 116,-546,337, 116,-669,357, 140,-593,362, 138,-730,357, 154,-543,360, 151,-676,362, 145,-530,355, 143,-648,425, -49,-10,300, -31,12,417, -253,30,296, -248,35,413, -429,270,295, -427,189,416, -451,281,292, -451,198,396, -488,42,309, -488,-64,
354, 238,-369,367, 255,-350,374, 255,-350,380, 254,-349,348, 257,-346,342, 257,-346,337, 258,-347,390, 248,-178,336, 252,-149,371, 220,-304,346, 224,-298,450, 173,-104,289, 165,-103,513, 83,-338,209, 77,-376,384, 114,-539,335, 115,-666,356, 138,-585,361, 138,-728,356, 152,-534,359, 151,-672,362, 143,-522,354, 142,-648,425, -52,-11,298, -37,12,417, -256,30,296, -252,35,413, -431,262,295, -430,186,416, -454,272,292, -453,194,396, -491,33,309, -491,-68,
353, 238,-340,366, 255,-320,373, 255,-320,380, 254,-319,347, 256,-314,342, 257,-314,337, 258,-314,390, 248,-161,336, 252,-124,370, 219,-280,345, 224,-271,450, 173,-93,289, 164,-67,513, 82,-319,210, 75,-360,381, 115,-513,337, 115,-632,353, 138,-557,361, 139,-695,354, 152,-497,359, 152,-633,359, 143,-509,354, 143,-613,426, -56,-11,297, -38,13,417, -258,23,296, -254,46,413, -432,252,296, -430,197,416, -454,261,293, -454,205,397, -491,21,311, -491,-56,
352, 237,-333,366, 255,-313,373, 254,-313,379, 254,-313,346, 256,-307,341, 257,-307,336, 258,-307,390, 248,-157,336, 252,-119,369, 218,-274,345, 223,-264,450, 173,-90,289, 163,-59,513, 81,-315,211, 74,-352,381, 115,-502,337, 115,-623,353, 138,-546,361, 140,-686,354, 152,-487,358, 152,-628,359, 143,-503,354, 143,-607,427, -58,-12,297, -39,13,418, -259,20,297, -255,51,414, -432,247,297, -430,199,417, -454,256,294, -453,208,398, -491,16,311, -491,-53,
352, 236,-329,365, 254,-310,372, 254,-310,379, 254,-310,346, 256,-304,341, 256,-304,336, 257,-304,389, 248,-156,336, 251,-119,369, 218,-271,345, 223,-261,450, 173,-86,290, 162,-62,513, 81,-314,212, 76,-346,383, 116,-500,339, 115,-618,357, 142,-543,362, 142,-678,358, 155,-488,360, 154,-623,363, 146,-496,355, 144,-602,428, -60,-12,297, -46,14,418, -256,19,297, -251,38,414, -427,243,296, -426,169,417, -450,252,294, -449,176,398, -487,13,311, -487,-83,
354, 236,-410,367, 254,-390,374, 254,-390,380, 253,-389,347, 256,-387,342, 256,-387,337, 257,-388,390, 248,-215,336, 252,-195,370, 218,-342,345, 223,-337,450, 174,-122,290, 162,-128,514, 80,-375,214, 77,-422,387, 117,-610,340, 119,-718,361, 141,-663,364, 146,-784,362, 156,-611,361, 158,-730,367, 146,-595,357, 148,-703,429, -61,-12,297, -48,13,419, -256,34,297, -251,39,414, -426,279,296, -425,192,417, -448,289,294, -448,201,399, -486,47,311, -486,-65,
357, 236,-419,369, 254,-396,376, 254,-396,381, 253,-396,349, 255,-396,344, 256,-396,338, 257,-396,390, 248,-215,336, 251,-202,372, 218,-350,347, 223,-347,450, 173,-127,289, 162,-146,513, 80,-404,217, 78,-443,390, 123,-685,342, 126,-740,362, 148,-745,363, 152,-805,362, 162,-693,361, 163,-756,367, 152,-671,357, 154,-726,429, -61,-11,297, -50,13,420, -255,33,297, -250,39,414, -423,282,296, -423,197,417, -445,293,294, -446,207,399, -483,50,311, -484,-62,
358, 236,-421,370, 254,-398,377, 254,-398,382, 253,-398,350, 255,-397,344, 256,-397,339, 257,-398,390, 248,-218,336, 251,-204,373, 219,-352,348, 223,-349,450, 173,-130,288, 161,-149,513, 80,-407,218, 78,-446,390, 124,-683,341, 128,-742,361, 149,-742,363, 153,-806,362, 163,-690,360, 165,-757,367, 153,-669,357, 155,-727,429, -62,-11,297, -50,13,420, -255,36,297, -250,39,414, -423,289,296, -424,203,417, -445,301,294, -447,212,400, -483,59,311, -484,-56,
358, 238,-259,370, 254,-230,377, 254,-230,382, 254,-230,350, 255,-227,344, 256,-227,338, 257,-228,390, 248,-62,336, 251,-39,373, 219,-199,348, 223,-194,450, 173,-22,287, 161,-13,513, 81,-286,217, 94,-283,382, 129,-429,354, 146,-430,348, 144,-465,375, 165,-478,346, 157,-400,374, 172,-403,355, 149,-408,369, 164,-407,429, -64,-12,296, -56,14,418, -256,33,297, -253,40,413, -424,267,296, -426,186,416, -447,277,293, -449,194,398, -487,39,311, -489,-73,
356, 240,-261,370, 255,-232,377, 255,-232,382, 254,-232,349, 256,-230,343, 256,-230,337, 257,-230,391, 248,-69,334, 251,-48,372, 221,-203,345, 224,-198,450, 174,-37,283, 162,-13,515, 85,-291,216, 121,-225,384, 127,-410,357, 146,-260,340, 143,-445,386, 162,-293,335, 150,-383,387, 169,-223,348, 148,-389,379, 161,-238,428, -64,-17,295, -56,18,417, -257,4,297, -253,55,411, -426,198,294, -426,180,415, -450,204,291, -451,185,392, -489,-32,308, -490,-75,
355, 241,-234,369, 256,-207,376, 255,-207,382, 255,-206,348, 256,-204,342, 256,-204,336, 257,-204,391, 248,-49,333, 252,-26,370, 224,-178,343, 225,-173,450, 178,-16,282, 169,11,517, 88,-235,216, 134,-138,379, 127,-297,364, 156,-74,332, 141,-323,399, 171,-99,325, 147,-264,400, 175,-24,340, 147,-276,389, 167,-49,428, -65,-17,295, -57,19,417, -257,-8,298, -253,55,410, -427,174,294, -427,178,414, -451,179,291, -452,184,392, -489,-56,309, -490,-74,
354, 242,-222,368, 256,-196,376, 256,-196,382, 255,-195,347, 256,-192,341, 257,-192,335, 257,-193,392, 248,-42,333, 252,-16,370, 226,-167,342, 226,-162,449, 180,-8,282, 174,21,518, 90,-216,215, 137,-121,378, 127,-263,369, 159,-53,330, 140,-287,401, 173,-76,324, 145,-227,403, 177,-1,338, 147,-242,392, 170,-27,428, -64,-17,295, -57,19,416, -256,-18,298, -252,54,407, -427,156,293, -427,172,412, -451,160,290, -451,178,390, -489,-74,308, -491,-76,
353, 243,-262,368, 256,-236,376, 256,-236,382, 255,-236,347, 256,-233,340, 257,-233,335, 257,-234,392, 248,-72,331, 252,-52,369, 226,-204,342, 226,-199,449, 180,-31,280, 174,-9,519, 90,-280,216, 132,-207,380, 128,-327,363, 156,-242,336, 138,-368,394, 170,-274,330, 144,-344,395, 176,-207,343, 145,-331,386, 167,-220,428, -64,-19,295, -58,21,417, -256,-10,299, -253,75,409, -427,189,294, -427,212,414, -451,197,291, -451,220,391, -490,-39,309, -491,-38,
353, 244,-272,368, 257,-242,375, 257,-242,381, 256,-242,347, 257,-240,340, 258,-240,335, 258,-241,392, 248,-71,332, 252,-52,369, 228,-211,342, 228,-207,449, 180,-35,280, 172,-16,520, 90,-300,216, 128,-285,378, 135,-369,370, 166,-294,336, 141,-401,398, 183,-316,336, 150,-373,397, 188,-266,346, 146,-343,387, 179,-243,428, -66,-16,296, -61,18,419, -258,12,302, -255,69,411, -428,246,297, -429,214,415, -452,257,293, -453,223,395, -491,13,313, -492,-42,
353, 245,-276,367, 257,-246,375, 257,-246,381, 256,-246,347, 258,-244,340, 258,-244,335, 258,-245,391, 249,-74,332, 253,-54,369, 229,-216,342, 228,-211,448, 180,-38,280, 170,-19,520, 90,-310,215, 126,-300,377, 137,-399,371, 168,-316,336, 142,-428,399, 186,-331,338, 152,-387,397, 191,-306,347, 147,-361,387, 182,-247,429, -68,-16,297, -64,17,420, -259,20,303, -257,67,412, -429,260,299, -431,219,416, -454,271,295, -455,228,397, -493,27,315, -494,-39,
357, 243,-264,369, 256,-233,376, 256,-233,382, 255,-232,349, 256,-231,342, 257,-231,336, 257,-232,391, 247,-60,332, 251,-43,372, 227,-202,346, 227,-198,449, 169,-22,280, 151,-25,515, 90,-303,218, 102,-325,379, 156,-448,366, 165,-517,352, 185,-493,389, 185,-571,354, 191,-435,384, 190,-512,357, 181,-425,379, 179,-496,430, -77,-13,297, -74,15,421, -266,32,304, -265,53,420, -436,275,305, -438,206,424, -460,287,302, -462,215,408, -495,50,324, -498,-49,
356, 245,-225,369, 257,-190,376, 256,-190,382, 255,-189,348, 259,-189,341, 260,-189,335, 260,-189,391, 247,-20,332, 250,-5,372, 227,-165,345, 228,-162,448, 166,8,280, 151,-5,512, 103,-271,228, 69,-310,379, 168,-432,365, 149,-521,351, 191,-478,384, 163,-578,351, 198,-417,379, 173,-525,355, 189,-413,376, 167,-506,430, -76,-10,297, -74,12,422, -266,29,304, -264,42,422, -436,264,306, -437,182,425, -460,274,303, -462,188,411, -495,39,324, -498,-72,
346, 239,-162,361, 253,-146,368, 252,-146,375, 252,-145,343, 256,-132,339, 257,-132,334, 258,-132,388, 245,-31,334, 249,40,363, 218,-120,341, 223,-99,449, 167,13,289, 157,30,512, 111,-246,237, 69,-218,378, 173,-353,370, 140,-425,349, 194,-387,396, 149,-481,348, 204,-326,395, 160,-436,353, 196,-333,388, 158,-411,430, -76,-9,297, -73,11,421, -266,1,303, -264,22,420, -437,200,305, -437,130,423, -462,207,303, -461,132,411, -495,-26,323, -498,-130,
342, 237,-159,358, 252,-144,365, 251,-144,372, 250,-143,341, 255,-128,336, 256,-128,333, 258,-128,386, 244,-34,334, 248,47,359, 215,-118,338, 221,-95,449, 167,10,291, 161,37,512, 113,-255,239, 69,-212,377, 173,-371,369, 136,-421,348, 193,-408,397, 144,-481,347, 203,-347,399, 155,-430,352, 196,-352,390, 155,-408,430, -75,-9,297, -73,11,420, -266,-2,303, -263,23,419, -437,198,305, -437,134,422, -462,205,303, -461,137,409, -495,-30,323, -498,-125,
348, 237,-179,362, 252,-149,369, 251,-149,375, 250,-148,345, 255,-144,340, 256,-144,335, 257,-145,387, 244,0,336, 248,30,364, 216,-126,341, 222,-117,449, 167,31,291, 171,21,513, 121,-256,237, 68,-231,370, 173,-396,368, 131,-433,337, 190,-449,400, 139,-491,331, 197,-390,401, 147,-441,342, 189,-381,392, 147,-419,429, -70,-3,297, -66,5,418, -261,-28,303, -258,-8,416, -436,141,303, -433,64,418, -461,144,300, -456,63,406, -490,-94,321, -492,-204,
352, 238,-185,365, 252,-154,371, 251,-154,377, 250,-153,347, 255,-150,342, 256,-150,337, 257,-151,389, 244,-3,337, 249,23,367, 218,-131,343, 223,-124,449, 169,28,291, 174,18,514, 120,-240,236, 68,-236,368, 173,-381,372, 129,-433,334, 189,-427,406, 136,-488,328, 195,-368,405, 143,-434,338, 188,-365,394, 143,-418,429, -68,-2,297, -63,4,417, -258,-26,302, -254,-12,415, -433,152,301, -429,67,418, -458,156,298, -452,66,404, -487,-80,319, -488,-196,
353, 240,-176,365, 253,-144,371, 252,-144,377, 251,-143,347, 256,-141,342, 257,-141,337, 258,-141,389, 244,9,337, 249,33,368, 221,-122,344, 223,-116,449, 169,40,290, 173,27,515, 117,-228,235, 70,-232,362, 176,-343,379, 130,-401,326, 190,-378,417, 134,-450,323, 197,-310,416, 141,-391,332, 191,-321,403, 142,-382,429, -68,-2,296, -63,4,417, -259,-24,301, -255,0,414, -434,170,299, -430,98,416, -459,176,296, -453,100,404, -489,-59,318, -489,-163,
353, 241,-175,365, 254,-143,371, 253,-143,377, 252,-143,347, 257,-140,342, 257,-140,337, 258,-141,390, 245,10,338, 249,33,368, 222,-121,345, 224,-115,449, 169,41,290, 173,28,516, 115,-226,235, 71,-231,360, 178,-341,381, 131,-396,324, 190,-376,419, 133,-445,321, 198,-308,419, 140,-385,330, 192,-319,405, 141,-377,429, -68,-3,295, -63,5,417, -259,-24,300, -255,5,412, -434,175,298, -430,105,414, -460,181,295, -454,107,403, -489,-55,316, -490,-155,
359, 240,-249,370, 253,-219,377, 252,-219,382, 251,-219,351, 255,-219,345, 255,-219,339, 256,-220,393, 243,-35,338, 245,-28,375, 220,-179,349, 222,-178,449, 168,40,290, 172,3,529, 103,-324,194, 75,-311,441, 170,-695,307, 103,-656,411, 179,-766,346, 92,-720,402, 185,-708,356, 111,-676,404, 182,-681,347, 115,-643,429, -70,-10,295, -65,12,417, -262,22,300, -258,49,411, -436,256,298, -434,206,413, -460,265,295, -457,215,396, -495,23,316, -496,-60,
359, 240,-544,370, 253,-519,376, 252,-519,382, 251,-519,350, 255,-514,344, 255,-514,339, 255,-514,393, 243,-320,338, 246,-287,375, 220,-469,349, 222,-461,450, 166,-212,290, 165,-179,542, 102,-525,182, 84,-471,472, 157,-867,282, 105,-841,443, 163,-938,312, 100,-910,430, 164,-882,330, 110,-864,436, 163,-854,323, 112,-831,431, -73,-32,298, -70,33,421, -268,28,302, -266,131,415, -441,333,299, -442,379,418, -464,348,296, -465,397,398, -501,78,316, -504,102,
357, 239,-567,369, 253,-543,375, 252,-543,381, 251,-543,349, 255,-538,343, 255,-538,337, 255,-538,393, 243,-348,337, 245,-314,374, 220,-493,347, 221,-484,450, 164,-244,290, 160,-201,544, 101,-554,179, 87,-491,465, 156,-876,278, 104,-856,433, 159,-944,308, 100,-924,424, 163,-885,325, 109,-877,428, 156,-861,313, 112,-845,431, -75,-39,299, -72,40,423, -271,26,303, -270,144,418, -444,329,300, -446,393,421, -466,344,298, -468,410,399, -504,74,316, -507,119,
356, 246,-406,366, 261,-382,373, 260,-382,379, 259,-382,348, 261,-375,342, 261,-375,337, 260,-375,392, 248,-229,336, 250,-184,372, 228,-349,347, 227,-337,456, 164,-172,279, 160,-121,553, 106,-218,159, 123,-215,647, 110,-421,36, 115,-490,699, 107,-448,4, 107,-526,689, 114,-514,13, 117,-619,673, 111,-458,26, 118,-538,431, -86,-37,300, -84,38,423, -281,8,303, -286,130,419, -459,286,300, -467,345,422, -482,298,298, -490,357,405, -514,44,316, -526,75,
354, 248,-457,365, 263,-437,372, 262,-437,379, 261,-437,347, 263,-427,342, 263,-427,337, 262,-427,392, 250,-291,336, 252,-237,371, 229,-405,346, 228,-390,459, 163,-222,276, 160,-163,565, 107,-230,154, 137,-199,666, 89,-431,26, 128,-375,717, 82,-456,-8, 108,-400,706, 89,-512,-1, 119,-457,690, 87,-464,15, 121,-409,429, -92,-35,300, -89,37,422, -290,35,300, -293,159,418, -468,358,296, -475,424,421, -492,377,293, -497,441,404, -522,114,309, -537,145,
354, 247,-491,365, 262,-466,372, 261,-466,378, 260,-466,348, 262,-466,342, 261,-466,337, 260,-466,392, 249,-274,338, 251,-268,371, 229,-418,347, 227,-417,453, 163,-175,287, 161,-151,562, 106,-263,156, 125,-357,513, 65,-461,272, 125,-653,499, 42,-506,300, 111,-720,471, 53,-517,309, 121,-695,476, 58,-469,304, 121,-650,424, -81,-34,303, -77,35,413, -257,-78,302, -256,37,413, -441,91,298, -445,112,418, -468,93,297, -472,110,393, -492,-149,305, -497,-134,
355, 247,-247,366, 261,-218,373, 261,-218,379, 260,-218,348, 262,-214,342, 261,-214,338, 261,-214,392, 250,-59,338, 252,-34,371, 229,-190,347, 227,-184,450, 166,-67,290, 165,5,524, 103,-270,192, 120,-341,407, 56,-429,335, 130,-603,377, 33,-477,369, 120,-666,361, 44,-449,381, 124,-630,369, 52,-420,373, 125,-596,422, -70,-38,303, -63,39,413, -251,-55,303, -249,53,412, -435,114,298, -427,158,418, -461,115,296, -451,161,393, -484,-119,305, -483,-82,
356, 238,-235,367, 255,-210,374, 254,-210,380, 254,-210,349, 256,-205,344, 256,-205,339, 256,-206,392, 249,-54,339, 251,-29,372, 220,-176,349, 221,-170,449, 168,-44,295, 166,19,506, 93,-218,229, 111,-276,358, 57,-279,377, 130,-503,318, 41,-309,414, 121,-558,310, 51,-268,422, 126,-501,317, 56,-261,410, 127,-486,422, -75,-36,304, -69,37,413, -253,-75,303, -252,23,412, -435,68,299, -431,56,418, -464,69,298, -455,51,394, -485,-155,306, -488,-169,
356, 236,-231,368, 253,-206,374, 253,-206,381, 252,-206,349, 255,-201,344, 255,-201,339, 255,-202,392, 248,-51,339, 251,-26,372, 219,-173,349, 220,-167,449, 170,-40,296, 167,21,502, 90,-208,236, 106,-258,354, 57,-263,380, 130,-483,314, 42,-292,417, 122,-538,306, 52,-252,425, 129,-484,313, 57,-245,413, 129,-468,422, -77,-36,304, -71,37,413, -256,-72,303, -255,18,412, -436,75,299, -433,55,418, -464,77,299, -457,51,394, -487,-147,306, -491,-170,
356, 239,-235,367, 254,-211,374, 254,-211,380, 253,-211,349, 256,-203,344, 256,-203,339, 256,-204,392, 248,-59,339, 252,-17,372, 221,-179,348, 222,-168,448, 171,-57,296, 168,36,507, 94,-223,215, 110,-259,393, 57,-348,339, 131,-565,361, 40,-388,371, 124,-628,348, 48,-353,382, 129,-571,356, 57,-336,373, 129,-550,421, -77,-45,301, -70,47,412, -256,-42,301, -256,118,411, -437,106,297, -434,262,417, -465,99,295, -458,271,391, -488,-110,303, -492,30,
356, 245,-445,367, 259,-420,374, 258,-420,380, 257,-420,349, 260,-414,344, 260,-414,339, 260,-414,392, 249,-255,339, 253,-216,372, 227,-386,348, 227,-375,452, 168,-169,285, 167,-126,550, 94,-171,179, 125,-171,653, 62,-337,69, 131,-352,694, 76,-359,38, 122,-379,687, 79,-386,44, 128,-420,670, 75,-358,53, 127,-379,423, -89,-45,301, -87,47,418, -283,0,301, -288,145,415, -462,327,297, -467,419,420, -487,346,296, -489,438,403, -516,75,306, -526,133,
357, 245,-427,369, 259,-405,376, 258,-405,382, 257,-405,350, 260,-397,345, 260,-397,339, 260,-397,393, 250,-241,339, 253,-196,373, 227,-368,349, 227,-355,455, 167,-147,284, 167,-116,556, 107,-112,174, 125,-207,648, 95,-273,73, 131,-366,682, 93,-294,40, 122,-441,675, 99,-344,41, 126,-552,659, 95,-302,55, 126,-483,423, -89,-38,300, -86,40,417, -282,24,298, -285,137,415, -460,322,296, -464,388,418, -484,338,294, -486,405,403, -515,82,306, -524,114,
358, 246,-313,370, 260,-292,377, 259,-292,383, 258,-292,351, 262,-295,346, 262,-295,340, 262,-295,394, 250,-125,340, 255,-142,374, 229,-250,349, 229,-254,453, 169,-10,285, 169,-108,537, 116,-47,200, 123,-280,593, 119,-206,115, 103,-560,616, 121,-223,45, 81,-601,611, 124,-238,171, 89,-605,597, 118,-219,184, 93,-574,422, -72,-19,303, -71,21,419, -258,11,305, -258,64,419, -439,224,307, -439,220,421, -460,232,303, -462,229,406, -498,31,322, -495,-17,
356, 246,-84,369, 260,-54,376, 259,-54,382, 258,-54,351, 262,-45,345, 262,-44,340, 262,-45,393, 250,83,340, 255,130,371, 229,-35,347, 229,-23,450, 175,33,289, 169,154,521, 114,-225,241, 108,-111,395, 126,-344,343, 78,-372,359, 121,-386,374, 64,-419,350, 127,-294,382, 72,-381,358, 125,-293,377, 79,-365,422, -68,-43,303, -62,45,414, -246,-105,304, -243,63,414, -430,27,301, -424,105,420, -456,27,298, -449,101,390, -484,-196,310, -484,-123,
352, 239,-189,367, 255,-162,374, 254,-162,381, 254,-162,348, 256,-154,343, 256,-154,339, 257,-154,393, 246,-19,340, 252,23,368, 221,-137,344, 221,-126,452, 175,-20,293, 168,61,504, 112,-236,243, 91,-173,342, 122,-312,395, 76,-395,300, 120,-343,431, 63,-442,292, 122,-285,433, 76,-396,305, 120,-285,420, 76,-382,425, -71,-42,303, -63,43,416, -252,-102,304, -245,24,415, -435,36,301, -427,46,422, -463,37,299, -449,41,391, -489,-194,310, -487,-186,
350, 240,-188,365, 255,-161,372, 255,-161,379, 254,-160,347, 257,-153,343, 257,-153,338, 258,-153,392, 246,-13,339, 254,26,366, 223,-134,342, 223,-123,448, 176,-15,293, 171,67,507, 113,-286,233, 94,-192,379, 118,-453,346, 56,-429,347, 119,-502,379, 48,-493,335, 119,-440,390, 57,-438,343, 118,-431,379, 60,-406,419, -67,-41,296, -60,43,409, -250,-75,295, -244,42,411, -428,82,295, -421,106,418, -454,85,293, -445,105,386, -485,-143,307, -480,-128,
349, 240,-181,364, 255,-153,371, 255,-153,378, 254,-153,346, 257,-146,341, 257,-145,337, 258,-146,392, 247,-7,339, 254,31,364, 223,-127,341, 224,-117,446, 177,-12,293, 172,71,510, 114,-280,233, 95,-190,384, 116,-441,337, 51,-436,354, 116,-489,371, 42,-502,340, 119,-432,382, 52,-461,346, 117,-421,372, 56,-431,417, -66,-40,293, -58,42,405, -250,-65,292, -244,50,407, -426,91,291, -419,121,415, -452,94,289, -443,120,382, -483,-133,304, -478,-114,
349, 244,-274,364, 260,-254,371, 259,-254,378, 258,-254,346, 261,-247,341, 261,-247,337, 261,-247,392, 249,-120,337, 255,-83,364, 227,-227,341, 226,-216,449, 172,-67,283, 167,-40,534, 114,-165,181, 96,-219,627, 117,-362,75, 92,-581,663, 119,-385,43, 88,-629,652, 123,-416,55, 101,-658,634, 118,-397,70, 96,-608,422, -82,-30,294, -80,31,421, -277,-5,296, -282,107,423, -455,235,299, -461,310,428, -479,247,297, -482,322,412, -510,9,316, -521,53,
